174 63 0.03723021429620731 
91.66767075657845
182 60 0.02645156276226349 
91.79686307907104
233 57 0.01262917504250985 
91.70359075069427
116 56 0.014218768586444122 
91.51705577969551
247 46 0.038141338741156265 
91.01405963301659
152 57 0.018437322106719743 
90.71282595396042
132 77 0.016069978741710587 
91.68178290128708
225 80 0.01962458444763183 
92.00474992394447
160 67 0.024284959188550805 
89.26884457468987
172 11 0.03538210007738787 
89.16522487998009
218 47 0.013592256538000398 
91.3067527115345
143 88 0.028404558111645318 
91.97732135653496
102 13 0.02267428059048816 
90.83990827202797
227 27 0.012631657337413935 
90.20342603325844
150 17 0.011086319860815218 
87.56845891475677
135 90 0.03374739723249974 
92.11159497499466
214 63 0.033489177693280074 
92.23508834838867
138 77 0.02137533007719299 
90.94475731253624
113 95 0.010411317381481034 
91.04443415999413
114 38 0.015553158876449102 
90.39613679051399
168 46 0.017259231030029937 
90.99641218781471
179 61 0.025668548571282555 
91.32090359926224
221 59 0.01198482724592263 
91.24322384595871
124 98 0.01939692753783078 
91.74501821398735
173 48 0.014587838150951776 
90.64027220010757
115 95 0.013581907700994357 
91.65731593966484
168 81 0.019242112879001582 
91.37023687362671
172 77 0.014220357745609619 
91.30520150065422
194 73 0.043870812673953936 
91.75046309828758
141 36 0.033332396454130164 
90.45981764793396
221 16 0.010993738807543686 
89.10416811704636
169 32 0.020475670493530173 
91.14099815487862
241 70 0.026104145266584895 
91.90672487020493
119 41 0.01912180884061013 
91.58497154712677
122 20 0.021383678193262923 
89.14758935570717
157 34 0.01137844405590995 
89.04565498232841
172 99 0.030080079106739686 
87.96717077493668
150 37 0.010940869012316144 
90.12870192527771
229 84 0.035804040355912614 
91.6404016315937
198 70 0.04167167760360499 
91.96640849113464
101 71 0.02099651926481409 
91.81574285030365
118 60 0.045500633024262056 
89.7192694246769
111 56 0.02550029079442244 
91.76904782652855
173 99 0.011232795633022038 
91.16725102066994
137 72 0.016519333557179317 
91.13894701004028
247 17 0.01010055310509236 
87.09015995264053
107 19 0.026777518955926578 
89.34754803776741
226 74 0.03374319745364469 
91.89132004976273
244 40 0.012030110468004897 
91.11665934324265
218 36 0.03878446834552818 
90.73459133505821
204 66 0.016384454265862585 
91.70605316758156
164 22 0.010420544060823557 
88.65525126457214
121 59 0.010248716665431206 
88.69578912854195
114 39 0.01531689614027111 
91.08955189585686
243 32 0.010746404327981117 
90.6497098505497
129 21 0.0174071064728206 
90.11429995298386
125 24 0.016219684784806895 
90.71548357605934
229 80 0.029593924871045747 
90.29748365283012
112 84 0.010335854623313732 
90.72947278618813
101 51 0.0129033443891773 
90.72886854410172
246 11 0.02070662983097016 
91.14558920264244
160 50 0.010123676714842161 
90.70291817188263
215 51 0.030827480475880513 
92.02497228980064
165 69 0.017614417531988374 
91.69786646962166
193 16 0.036575929784463716 
91.26444235444069
152 56 0.04414140235408789 
91.76124334335327
153 71 0.026097011158818732 
91.91663861274719
203 34 0.03230321928301672 
91.83670803904533
248 79 0.025611168966692733 
92.05646365880966
235 56 0.020206254693887593 
92.10818111896515
214 24 0.017432826565918866 
91.16061255335808
192 45 0.018846078528027718 
91.48758947849274
190 14 0.040620752076730285 
91.41785502433777
157 24 0.014155660313069373 
89.77343067526817
172 78 0.03127045210713073 
91.72853827476501
172 55 0.03114405626734972 
91.91637858748436
168 91 0.033705613374985205 
91.85992479324341
114 70 0.02098696309683942 
91.50134325027466
178 55 0.045717977923326714 
91.83409735560417
141 27 0.02283589663940404 
91.53486266732216
160 66 0.026082478724096702 
92.0370489358902
117 75 0.016665678608584852 
91.20364263653755
187 40 0.020099861797026868 
91.76036268472672
200 43 0.026728215609380736 
92.0247808098793
225 36 0.03632205648310122 
91.61388725042343
128 25 0.02548945611766018 
90.40508568286896
150 37 0.03543018740171641 
91.84104204177856
207 91 0.012678123706426516 
90.79085141420364
223 17 0.016142951468874865 
90.7125897705555
140 84 0.01838133834581786 
91.9754147529602
203 93 0.012804071883935345 
91.15264266729355
176 37 0.019563776774865458 
91.56776294112206
100 42 0.013582531406118805 
89.78504538536072
146 14 0.01657646474625467 
88.50293383002281
160 14 0.04505298148900308 
91.82547256350517
201 65 0.02932336440336554 
90.5983179807663
248 17 0.022984887144454767 
89.19778168201447
233 76 0.032812957034100664 
84.87265855073929
216 57 0.013386956242785263 
91.16899445652962
125 57 0.015814095069784016 
91.31619408726692
